- type: weightedRandom
  id: Secret
  weights:
    Nukeops: 0.103092784
    Traitor: 0.309278351
    Zombie: 0.051546392
    Changeling: 0.103092784
    Zombieteors: 0.010309278
    Survival: 0.051546392
    KesslerSyndrome: 0.010309278
    Revolutionary: 0.103092784
    Vampire: 0.154639175
    Wizard: 0.103092784

- type: weightedRandom
  id: SecretLP
  weights:
    Nukeops: 0.028818444
    Traitor: 0.461095101
    Zombie: 0.005763689
    Changeling: 0.057636888
    Zombieteors: 0.005763689
    Survival: 0.057636888
    KesslerSyndrome: 0.028818444
    Revolutionary: 0.057636888
    Vampire: 0.115273775
    Extended: 0.152737752
    Wizard: 0.028818444