- type: weightedRandom
  id: Secret
  weights:
    Nukeops: 0.03
    Traitor: 0.40
    Zombie: 0.05
    Changeling: 0.10 #SL
    Zombieteors: 0.01
    Survival: 0.05
    KesslerSyndrome: 0.01
    Revolutionary: 0.10
    Vampire: 0.15 #SL
    Wizard: 0.10
    Traitorling: 0.10 #SL
    ShitStation: 0.10 #SL

- type: weightedRandom
  id: SecretLP
  weights:
    Nukeops: 0.028818444
    Traitor: 0.461095101
    Zombie: 0.005763689
    Changeling: 0.057636888 #SL
    Zombieteors: 0.005763689
    Survival: 0.057636888
    KesslerSyndrome: 0.028818444
    Revolutionary: 0.057636888
    Vampire: 0.115273775 #SL
    Extended: 0.152737752
    Wizard: 0.028818444